#ノードデータ
187
169 736 0 1 1
218 736 0 1 1
269 736 0 1 1
313 736 0 1 1
352 858 0 1 1
169 796 0 0 1
218 796 0 0 1
269 796 0 0 1
313 796 0 0 1
352 796 0 0 1
280 796 0 0 1
280 858 0 9 1
352 720 0 0 1
352 685 0 0 1
310 685 0 0 1
253 650 0 3 1
253 568 0 3 1
291 568 0 3 1
324 568 0 3 1
359 568 0 3 1
391 568 0 3 1
310 620 0 0 1
291 620 0 0 1
253 620 0 0 1
324 620 0 0 1
359 620 0 0 1
391 620 0 0 1
391 688 0 5 1
422 688 0 5 1
455 688 0 5 1
489 688 0 5 1
486 726 0 5 1
486 757 0 5 1
422 757 0 5 1
391 757 0 5 1
391 720 0 0 1
422 720 0 0 1
455 720 0 0 1
455 757 0 0 1
600 796 0 0 1
600 700 0 0 1
600 636 0 0 1
650 636 0 15 1
600 583 0 0 1
703 583 0 0 1
417 557 0 4 1
417 583 0 4 1
417 608 0 4 1
417 637 0 4 1
417 659 0 4 1
477 659 0 4 1
477 637 0 4 1
477 608 0 4 1
445 580 0 0 1
445 557 0 0 1
445 608 0 0 1
445 637 0 0 1
445 659 0 0 1
472 303 0 11 1
472 452 0 11 1
551 452 0 11 1
616 308 0 11 1
671 308 0 11 1
671 452 0 11 1
616 452 0 11 1
472 387 0 0 1
554 387 0 0 1
616 387 0 0 1
670 387 0 0 1
457 41 0 12 1
545 41 0 12 1
633 41 0 12 1
721 41 0 12 1
457 204 0 12 1
545 204 0 12 1
633 204 0 12 1
457 121 0 0 1
545 121 0 0 1
632 121 0 0 1
700 123 0 0 1
300 460 0 10 1
349 460 0 10 1
396 460 0 10 1
300 369 0 10 1
349 369 0 10 1
396 371 0 10 1
300 417 0 0 1
348 417 0 0 1
394 417 0 0 1
700 261 0 0 1
555 261 0 0 1
428 261 0 0 1
428 420 0 0 1
1072 261 0 0 1
1072 425 0 15 1
535 583 0 0 1
535 630 0 16 1
1030 261 0 0 1
1030 290 0 16 1
902 212 0 16 1
860 212 0 0 1
860 261 0 0 1
1042 1355 0 13 2
1244 1352 0 0 2
1244 1251 0 0 2
1338 1251 0 0 2
1338 1200 0 0 2
1422 1200 0 0 2
1422 1251 0 16 2
1487 1200 0 0 2
1487 1250 0 0 2
1546 1250 0 15 2
1600 1200 0 0 2
1600 961 0 0 2
1632 961 0 15 2
1600 877 0 0 2
1600 839 0 0 2
1642 839 0 16 2
1787 877 0 0 2
1787 914 0 16 2
1862 877 0 0 2
1862 1029 0 0 2
1824 1029 0 15 2
1329 874 0 0 2
1329 1021 0 14 2
1329 732 0 0 2
1344 732 0 0 2
1430 732 0 0 2
1275 732 0 0 2
1194 732 0 0 2
1194 661 0 2 2
1275 661 0 2 2
1344 661 0 2 2
1430 661 0 2 2
1651 2141 0 6 3
1701 2141 0 6 3
1759 2141 0 6 3
1810 2141 0 6 3
1859 2141 0 6 3
1910 2141 0 6 3
1960 2141 0 6 3
1731 1896 0 6 3
1651 2064 0 0 3
1701 2064 0 0 3
1759 2064 0 0 3
1810 2064 0 0 3
1859 2064 0 0 3
1910 2064 0 0 3
1960 2064 0 0 3
1701 1954 0 0 3
1731 1954 0 0 3
1781 1954 0 0 3
1960 1954 0 0 3
1960 2021 0 0 3
2182 2021 0 0 3
2182 2042 0 0 3
2218 2042 0 0 3
2218 1942 0 0 3
2297 1942 0 0 3
2218 1893 0 0 3
2146 1893 0 0 3
2146 1941 0 16 3
2218 1682 0 0 3
2218 1641 0 0 3
2247 1641 0 15 3
2218 1561 0 0 3
2256 1526 0 0 3
2218 1526 0 16 3
2411 1561 0 0 3
2411 1601 0 16 3
1953 1561 0 0 3
1953 1441 0 8 3
2101 1682 0 0 3
2051 1682 0 0 3
2001 1682 0 0 3
1951 1682 0 0 3
1905 1682 0 0 3
1853 1682 0 0 3
1798 1682 0 0 3
1798 1741 0 7 3
1853 1741 0 7 3
1905 1741 0 7 3
1951 1741 0 7 3
2001 1741 0 7 3
2051 1741 0 7 3
2101 1741 0 7 3
1798 1616 0 7 3
#リンクデータ
389
0 5 1  
1 6 1  
2 7 1  
3 8 1  
4 9 1  
5 0 1  
5 6 1  
6 1 1  
6 5 1  
6 7 1  
7 2 1  
7 6 1  
7 10 1  
8 3 1  
8 9 1  
8 10 1  
9 4 1  
9 8 1  
9 12 1  
9 39 1  
10 7 1  
10 8 1  
10 11 1  
11 10 1  
12 9 1  
12 13 1  
12 35 1  
13 12 1  
13 14 1  
14 13 1  
14 21 1  
15 23 1  
16 23 1  
17 22 1  
18 24 1  
19 25 1  
20 26 1  
21 14 1  
21 22 1  
21 24 1  
22 17 1  
22 21 1  
22 23 1  
23 15 1  
23 16 1  
23 22 1  
24 18 1  
24 21 1  
24 25 1  
25 19 1  
25 24 1  
25 26 1  
26 20 1  
26 25 1  
27 35 1  
28 36 1  
29 37 1  
30 37 1  
31 37 1  
32 38 1  
33 36 1  
34 35 1  
35 12 1  
35 27 1  
35 34 1  
35 36 1  
36 28 1  
36 33 1  
36 35 1  
36 37 1  
37 29 1  
37 30 1  
37 31 1  
37 36 1  
37 38 1  
38 32 1  
38 37 1  
39 9 1  
39 40 1  
40 39 1  
40 41 1  
41 40 1  
41 42 1  
41 43 1  
42 41 1  
42 111 1  
43 41 1  
43 44 1  
43 95 1  
44 43 1  
44 89 1  
45 54 1  
46 53 1  
47 55 1  
48 56 1  
49 57 1  
50 57 1  
51 56 1  
52 55 1  
53 46 1  
53 54 1  
53 55 1  
53 95 1  
54 45 1  
54 53 1  
55 47 1  
55 52 1  
55 53 1  
55 56 1  
56 48 1  
56 51 1  
56 55 1  
56 57 1  
57 49 1  
57 50 1  
57 56 1  
58 65 1  
59 65 1  
60 66 1  
61 67 1  
62 68 1  
63 68 1  
64 67 1  
65 58 1  
65 59 1  
65 66 1  
66 60 1  
66 65 1  
66 67 1  
66 90 1  
67 61 1  
67 64 1  
67 66 1  
67 68 1  
68 62 1  
68 63 1  
68 67 1  
69 76 1  
70 77 1  
71 78 1  
72 79 1  
73 76 1  
74 77 1  
75 78 1  
76 69 1  
76 73 1  
76 77 1  
77 70 1  
77 74 1  
77 76 1  
77 78 1  
78 71 1  
78 75 1  
78 77 1  
78 79 1  
79 72 1  
79 78 1  
79 89 1  
80 86 1  
81 87 1  
82 88 1  
83 86 1  
84 87 1  
85 88 1  
86 80 1  
86 83 1  
86 87 1  
87 81 1  
87 84 1  
87 86 1  
87 88 1  
88 82 1  
88 85 1  
88 87 1  
88 92 1  
89 44 1  
89 79 1  
89 90 1  
89 101 1  
90 66 1  
90 89 1  
90 91 1  
91 90 1  
91 92 1  
92 88 1  
92 91 1  
93 94 1  
93 97 1  
94 93 1  
94 122 1  
95 53 1  
95 96 1  
96 95 1  
96 108 1  
97 93 1  
97 98 1  
97 101 1  
98 97 1  
98 119 1  
99 100 1  
99 117 1  
100 99 1  
100 101 1  
101 89 1  
101 97 1  
101 100 1  
102 103 1  
103 102 1  
103 104 1  
104 103 1  
104 105 1  
105 104 1  
105 106 1  
106 105 1  
106 107 1  
107 106 1  
107 108 1  
107 109 1  
108 68 1  
108 107 1  
108 161 1  
109 107 1  
109 110 1  
109 112 1  
110 109 1  
110 111 1  
111 42 1  
111 110 1  
111 158 1  
112 109 1  
112 113 1  
113 112 1  
113 114 1  
113 115 1  
114 113 1  
114 164 1  
115 113 1  
115 116 1  
115 118 1  
115 123 1  
116 115 1  
116 117 1  
117 99 1  
117 116 1  
117 167 1  
118 115 1  
118 119 1  
118 120 1  
119 98 1  
119 118 1  
119 169 1  
120 118 1  
120 121 1  
121 120 1  
121 122 1  
122 94 1  
122 121 1  
123 115 1  
123 124 1  
123 125 1  
124 123 1  
125 123 1  
125 126 1  
125 128 1  
126 125 1  
126 132 1  
126 127 1  
127 126 1  
127 133 1  
128 125 1  
128 129 1  
128 131 1  
129 128 1  
129 130 1  
130 129 1  
131 128 1  
132 126 1  
133 127 1  
134 142 1  
135 143 1  
136 144 1  
137 145 1  
138 146 1  
139 147 1  
140 148 1  
141 151 1  
142 134 1  
142 143 1  
143 135 1  
143 142 1  
143 144 1  
143 149 1  
144 136 1  
144 143 1  
144 145 1  
145 137 1  
145 144 1  
145 146 1  
146 138 1  
146 145 1  
146 147 1  
147 139 1  
147 146 1  
147 148 1  
148 140 1  
148 147 1  
148 153 1  
149 143 1  
149 150 1  
150 141 1  
150 149 1  
150 151 1  
151 150 1  
151 152 1  
152 151 1  
152 153 1  
153 148 1  
153 152 1  
153 154 1  
154 153 1  
154 155 1  
155 154 1  
155 156 1  
156 155 1  
156 157 1  
157 156 1  
157 158 1  
157 159 1  
158 157 1  
158 111 1  
159 157 1  
159 160 1  
159 162 1  
160 159 1  
160 161 1  
161 160 1  
161 108 1  
162 159 1  
162 163 1  
162 172 1  
163 162 1  
163 164 1  
163 165 1  
164 163 1  
164 114 1  
165 163 1  
165 164 1  
165 168 1  
165 170 1  
166 165 1  
166 167 1  
167 166 1  
167 117 1  
168 165 1  
168 169 1  
169 119 1  
169 168 1  
170 165 1  
170 171 1  
171 170 1  
172 162 1  
172 173 1  
172 185 1  
173 172 1  
173 174 1  
173 184 1  
174 173 1  
174 175 1  
174 183 1  
175 174 1  
175 176 1  
175 182 1  
176 175 1  
176 177 1  
176 181 1  
177 176 1  
177 178 1  
177 180 1  
178 177 1  
178 179 1  
178 186 1  
179 178 1  
180 177 1  
181 176 1  
182 175 1  
183 174 1  
184 173 1  
185 172 1  
186 178 1  
